Problem 1a:

M is
    0.4583   -0.2947   -0.0140    0.0040
   -0.0509   -0.0546   -0.5411   -0.0524
    0.1090    0.1783   -0.0443    0.5968

Projected point: 0.14191    -0.45184
Residual: 0.0015621

Problem 1b:

Average residual:
    3.5995    0.9689    0.7532
    2.0687    0.9079    0.6917
    0.7785    0.7457    0.6720
    0.8864    1.1428    0.7111
    0.5443    0.4327    0.6255
    0.8413    0.7358    0.7833
    0.7201    0.9270    0.7060
    5.8638    0.6140    0.7069
    0.7610    0.7064    0.5023
    1.6754    0.8308    0.5947

As k increase, average residual decreases in general, more evident to see
at k = 4, 6, 8, 10, 12.. (not shown)

Best M:
   -0.0068    0.0039    0.0014    0.8275
   -0.0015   -0.0010    0.0073    0.5613
   -0.0000   -0.0000    0.0000    0.0034

Problem 1c:

Location of the camera: 303.1362      307.1885      30.40656

Problem 2a:

Estimated F:
  -0.000000660698417   0.000007910316200  -0.001886001974582
   0.000008823962960   0.000001213829335   0.017233290092272
  -0.000907382302945  -0.026423464972818   0.999500091907444

Problem 2b:

Estimated F of rank 2:
  -0.000000536264198   0.000007903647700  -0.001886002037909
   0.000008835391840   0.000001213216854   0.017233290086456
  -0.000907382265200  -0.026423464974841   0.999500091907425

Problem 2c:

(Picture outputs)

Problem 2d:

T_a is:
    0.0041         0   -2.3025
         0    0.0084   -2.7233
         0         0    1.0000

T_b is:
    0.0038         0   -2.3185
         0    0.0093   -3.2408
         0         0    1.0000

Normalized F is:
   -0.0000    0.0000   -0.0019
    0.0000    0.0000    0.0172
   -0.0009   -0.0264    0.9995

Problem 2e:

